000000000000000000000000100
000000000000000000000000101
000000000000000000000000110
000000000000000000000000000
000000000000000000000000000
000000000000000001000000000
000000000000000010000000000
000000000000000011100000000
000000000000000000000000000
000110000110000000001100000
001001001001000011001100000
001100000011000101000000000
001100000011000010000000000
000011001100000000000000000
000000000000000000110000000
000000000000000000100000000
000000000000000000011100000
010010110100100000000100000
110010000100110000000000000
010010110100100000000000000